000000000000000000000000000000000000000000000000000000000000000000000000000000000
000000000000000000000000000000000000000000000000000000000000000000000000000000000
000000000000000000000000000000000000000000000000000000000000000000000000000000000
000000000000000000000000000000000000000000000000000000000000000000000000000000000
000000000000000000000000000000000000000000000000000000000000000000000000000000000
000000000000000000000000000000000000000000000000000000000000000000000000000000000
000000000000000000000000000000000000000000000000000000000000000000000000000000000
001111100000000000000000000000111110000000000011111000000000000000000000000000000
001111100000000000000000000000111110000000000011111000000000000000000000000000000
001111100000000000000000000000111110000000000011111000000000000000000000000000000
001111100000000000000000000000111110000000000011111000000000000000000000000000000
001111100000000000000000000000111110000000000011111000000000000000000000000000000
000000000000000000000000000000000000000000000000000000000000000000000000000000000
000000000000000000000000000000000000000000000000000000000000000000000000000000000
000000000000000000000000000000000000000000000000000000000000000000000000000000000
000000000000011111000000000000000000000000000000000000000000000000000000000000000
000000000000011111000000000000000000000000000000000000000000000000011111000000000
000000000000011111000000000000000000000000000000000000000000000000011111000000000
000000000000011111000000000000000000000000000000000000000000000000011111000000000
000000000000011111000000000000000000000000000000000000000000000000011111000000000
000000000000000000000000000000000000000000000000000000000000000000011111000000000
000000000000000000000000000000000000000000000000000000000000000000000000000000000
000000000000000000000000000000000000000000000000000000000000000000000000000000000
000000000000000000000000000000000000000000000000000000000000000000000000000000000
000000000000000000000000000000000000000000000000000000000000000000000000000000000
000000000000000000000000000000000000000000000000000000000000000000000000000000000
