000000000000000000000000000000000000000000000000000000000000000000000000000000000
000000000000000000000000001010000000000000000000000000000000000000000000000000000
000000000000000000000000100010000000000000000000000000000000000000000000000000000
000000000000000010000000100000000000011000000000000000000000000000000000000000000
000000000000000111100001000010000000011000000000000000000000000000000000000000000
000110000000001101010000100000000000000000000000000000000000000000000000000000000
000110000000011101001000100010000000000000000000000000000000000000000000000000000
000000000000001101010000001010000000000000000000000000000000000000000000000000000
000000000000000111100000000000000000000000000000000000000000000000000000000000000
000000000000000010000000000000000000000000000000000000000000000000000000000000000
000000000000000000000000000100000000000000000000000000000000000000000000000000000
000000000000000000000000010100000000000000000000000000000000000000000000000000000
000000000000000000000000001100000000000000000000000000000000000000000000000000000
000000000000000000000000000000000000000000000000000000000000000000000000000000000
000000000000000000000000000000000000000000000000000000000000000000000000000000000
000000000000000000000000000000000000000000000000000000000000000000000000000000000
000000000000000000000000000000000000000000000000000000000000000000000000000000000
000000000000000000000000000000000001000000000000000000000000000000000000000000000
000000000000000000000000000000000000100000000000000000000000000000000000000000000
000000000000000000000000000000000011100000000000000000000000000000000000000000000
000000000000000000000000000000000000000000000000000000000000000000000000000000000
000000000000000000000000000000000000000000000000000000000000000000000000000000000
000000000000000000000000000000000000000000000000000000000000000000000000000000000
000000000000000000000000000000000000000000000000000000000000000000000000000000000
000000000000000000000000000000000000000000000000000000000000000000000000000000000
000000000000000000000000000000000000000000000000000000000000000000000000000000000
