000000000000000000000000000000000000000000000000000000000000000000000000000000000
000000000011000000000010000001100000000000000000000000000000000000000000000000000
000000000011000000000101000010010000000000000000000000000000000000000000000000000
000000000000000000000101000101110011000000000000000000000000000000000000000000000
000000000000000000001101101010000001000000000000000000000000000000000000000000000
000000000000000000000000101000110001010000000000000000000000000000000000000000000
000000000000000000001101001111010000110000000000000000000000000000000000000000000
000000000000000000001101010001000000000000000000000000000000000000000000000000000
000000000000000000000000101000100000000000000000000000000000000000000000000000000
000000000000000000000000010100010000000000000000000000000000000000000000000000000
000000000000000000000000001000110000000000000010000000000000000000000000000000000
000000000000000000000000000000000000000000000101000000000000000000000000000000000
000000000000000000000000000000000000000000000010000000000000000000000000000000000
000000000000000000000000000000000000000000000000000000000000000000000000000000000
000000000000000000110000000000000000000000000000000000000000000000000000000000000
000000000000000000110000000000000000000000000000000000000000000000000000000000000
000000000000110000000000000000000000000000000000000000000000000000000000000000000
000000000001010000000000000000000000000000000011000000000000000000000000000000000
000000000000010000000000000000000000000000000011000000000000000000000000000000000
000000000000000000000000000000000000000000000000000000000000000000000000000000000
000000000000000000000000000000000000000000000000000000000000000000000000000000000
000000000000000110000000000000000000000000000000000000000000000000000000000000000
000000000000000100000000000000000000000000000000000000000000000000000000000000000
000000000000000011100000000000000000000000000000000000000000000000000000000000000
000000000000000000100000000000000000000000000000000000000000000000000000000000000
000000000000000000100000000000000000000000000000000000000000000000000000000000000
