000000000000000000000000000000000000000000000000000000000000000000000000000000000
000000000000000000000000000000000000000000000000000000000000000000000000000000000
000000000000000000000000000000000000000000000000000000000000000000000000000000000
000000000000000000000000000000000000000000000000000000000000000000000000000000000
000000000000000000000000000000000000000000000000000000000000000000000000000000000
000000000000000000000000000000000000000000000000000000000000000000000000000000000
000000000000000000000000000000000000000000000000000000000011111000000000000000000
000000000000000000000000000000000000000000000000000000000010000100000000110000000
000000000000000000000000000000000000000000000000000000000010000000000001101110000
000000000000000000000000000000000000000000000000000000000001000000000110011110000
000000000000000000000000000000000000000000000000000000000000011000110110001100000
000000000000000000000000000000000000000000000000000000000000000100001001000000000
000000000000000000000000000000000000000000000000000000000000000010101010000000000
000000000000000000000000000000000000000000000000000000000000000001000000000000000
000000000000000000000000000000000000000000000000000000000000000001000000000000000
000000000000000000000000000000000000000000000000000000000000000010101010000000000
000000000000000000000000000000000000000000000000000000000000000100001001000000000
000000000000000000000000000000000000000000000000000000000000011000110110011000000
000000000000000000000000000000000000000000000000000000000001000000000110111100000
000000000000000000000000000000000000000000000000000000000010000000000011011100000
000000000000000000000000000000000000000000000000000000000010000100000001100000000
000000000000000000000000000000000000000000000000000000000011111000000000000000000
000000000000000000000000000000000000000000000000000000000000000000000000000000000
000000000000000000000000000000000000000000000000000000000000000000000000000000000
000000000000000000000000000000000000000000000000000000000000000000000000000000000
000000000000000000000000000000000000000000000000000000000000000000000000000000000
