000000000000000000000000000000000000000000000000000000000000000000000000000000000
000000000000000000000000000000000000000000000000000000000000000000000000000000000
000000001010000000000000000000000000000000000000000000000000000000000000000000000
000000111011100000000000000000000000000000000000000000000000000000000000000000000
000001000100010000000000000000000000000000000000000000000000000000000000000000000
000001010001010000000000000000000000000000000000000000000000000000000000000000000
000000110101100000000000000000000000000000000000000000000000000000000000000000000
000000000000000000000000000000000000000000000000000000000000000000000000000000000
000000110101100000000000000000000000000000000000000000000101000000000000000000000
000001010001010000000000000000000000000000000000000000011101110000000000000000000
000001000100010000000000000000000000000000000000000000100010001000000000000000000
000000111011100000000000000000000000000000000000000000101000101000000000000000000
000000001010000000000000000101000000000000000000000000011010110000000000000000000
000000000000000000000000011101110000000000000000000000000000000000000000000000000
000000000000000000000000100010001000000000000000000000011010110000000000000000000
000000000000000000000000101000101000000000000000000000101000101000000000000000000
000000000000000000000000011010110000000000000000000000100010001000000000000000000
000000000000000000000000000000000000000000000000000000011101110000000000000000000
000000000000000000000000011010110000000000000000000000000101000000000000000000000
000000000000000000000000101000101000000000000000000000000000000000000000000000000
000000000000000000000000100010001000000000000000000000000000000000000000000000000
000000000000000000000000011101110000000000000000000000000000000000000000000000000
000000000000000000000000000101000000000000000000000000000000000000000000000000000
000000000000000000000000000000000000000000000000000000000000000000000000000000000
000000000000000000000000000000000000000000000000000000000000000000000000000000000
000000000000000000000000000000000000000000000000000000000000000000000000000000000
